0.8999999999999999	GREEDYNMM	IOU	0.2	0.6512311697006226	0.9497239589691162	0.6519491672515869	0.011920624831762464
0.8999999999999999	NMM	IOU	0.5000000000000001	0.6377516984939575	0.929337739944458	0.6380128264427185	0.03329763308956463
0.4000000000000001	NMS	IOU	0.4000000000000001	0.5783178806304932	0.9276535511016846	0.5411492586135864	0.02653557777808649
0.8999999999999999	NMS	IOS	0.4000000000000001	0.5706621408462524	0.9098156690597534	0.535652756690979	0.007535072653552251
0.6	NMM	IOU	0.5000000000000001	0.6461213827133179	0.9455025792121887	0.6438736319541931	0.03431176276263118
0.30000000000000004	NMS	IOU	0.4000000000000001	0.5787739753723145	0.9288941621780396	0.5415996313095093	0.028834515618398872
0.6	GREEDYNMM	IOU	0.6000000000000001	0.6179741024971008	0.913353681564331	0.6121980547904968	0.036638675069408703
0.30000000000000004	GREEDYNMM	IOS	0.9000000000000001	0.6651499271392822	0.9732357263565063	0.6654395461082458	0.01599789104237286
0.30000000000000004	GREEDYNMM	IOU	0.4000000000000001	0.6610000133514404	0.9681473970413208	0.6587669253349304	0.026477770322273022
0.8999999999999999	NMM	IOU	0.8000000000000003	0.5690528750419617	0.8525792360305786	0.5567700862884521	0.043655178911499025
0.2	NMS	IOS	0.8000000000000003	0.5802685618400574	0.9323880076408386	0.541191577911377	0.023521773658133426
0.5000000000000001	NMS	IOS	0.5000000000000001	0.580319344997406	0.9306414723396301	0.5414724946022034	0.006870559553642457
0.6	NMM	IOS	0.7000000000000002	0.6704904437065125	0.9824293255805969	0.6682106256484985	0.005337051728153506
0.30000000000000004	NMS	IOU	0.5000000000000001	0.5823286175727844	0.9308587908744812	0.5477964878082275	0.03944706309447703
0.5000000000000001	NMS	IOS	0.8000000000000003	0.5790640711784363	0.9297026991844177	0.540154755115509	0.009581928617594767
0.30000000000000004	NMS	IOS	0.4000000000000001	0.5800382494926453	0.9297443628311157	0.5423749685287476	0.014492600132479137
0.5000000000000001	NMS	IOU	0.9000000000000001	0.542015016078949	0.8179678320884705	0.5273849964141846	0.04741727903213001
0.6	NMM	IOU	0.2	0.6662470698356628	0.9770128726959229	0.6627917289733887	0.011447079611379399
0.5000000000000001	GREEDYNMM	IOU	0.8000000000000003	0.5743986964225769	0.8639978766441345	0.5590655207633972	0.044851150216136906
0.4000000000000001	NMM	IOU	0.4000000000000001	0.6639788150787354	0.9715035557746887	0.662118136882782	0.02467193755355893
0.6	NMM	IOS	0.9000000000000001	0.6684337258338928	0.977615237236023	0.6676800847053528	0.01049869757796225
0.7	NMM	IOU	0.4000000000000001	0.6620249152183533	0.9673120975494385	0.6597996950149536	0.02593074835533991
0.5000000000000001	GREEDYNMM	IOU	0.2	0.6634447574615479	0.9736098051071167	0.6605437397956848	0.013750817905436872
0.4000000000000001	NMS	IOS	0.30000000000000004	0.5745347142219543	0.9207832217216492	0.5370362401008606	0.01361005984104175
0.7999999999999999	GREEDYNMM	IOS	0.8000000000000003	0.6627424955368042	0.9667614698410034	0.6631603240966797	0.007984006105799609
0.30000000000000004	NMM	IOU	0.5000000000000001	0.6477015614509583	0.9484614133834839	0.6453160047531128	0.03824467790480613
0.7	GREEDYNMM	IOU	0.5000000000000001	0.6412113904953003	0.9362290501594543	0.6389680504798889	0.03471358769969626
0.4000000000000001	NMS	IOS	0.7000000000000002	0.580514669418335	0.9315943717956543	0.5416658520698547	0.009755670948084796
0.6	GREEDYNMM	IOS	0.9000000000000001	0.6623254418373108	0.9676523208618164	0.6633613109588623	0.012178045568907824
0.6	GREEDYNMM	IOS	0.8000000000000003	0.6667233109474182	0.9748761653900146	0.6664025783538818	0.007190556945885463
0.7999999999999999	NMS	IOU	0.4000000000000001	0.574887216091156	0.9200427532196045	0.5383652448654175	0.029573958548811403
0.7999999999999999	GREEDYNMM	IOU	0.2	0.6600015759468079	0.9669317007064819	0.6574339866638184	0.014142417455999125
0.2	NMM	IOU	0.4000000000000001	0.6597582697868347	0.969422459602356	0.6549370884895325	0.03267507739111702
0.8999999999999999	NMM	IOS	0.5000000000000001	0.6596953868865967	0.9634807109832764	0.6589934229850769	0.006870520371613375
0.6	GREEDYNMM	IOU	0.9000000000000001	0.5416143536567688	0.8150558471679688	0.5270472764968872	0.0450392478012113
0.2	GREEDYNMM	IOS	0.9000000000000001	0.6645130515098572	0.9719299077987671	0.663078784942627	0.024892394945993556
0.30000000000000004	GREEDYNMM	IOU	0.2	0.6642138957977295	0.9786249399185181	0.6596330404281616	0.014070736254004242
0.8999999999999999	NMS	IOU	0.6000000000000001	0.5715949535369873	0.8926495313644409	0.5426692962646484	0.037194375425637353
0.7	NMS	IOU	0.4000000000000001	0.5763503909111023	0.9235078692436218	0.5393075346946716	0.027824087150610636
0.2	GREEDYNMM	IOS	0.7000000000000002	0.6663788557052612	0.9805670976638794	0.6636351346969604	0.02081024203464729
0.7	GREEDYNMM	IOU	0.6000000000000001	0.6164205074310303	0.9107600450515747	0.6107988953590393	0.03679071028050417
0.5000000000000001	GREEDYNMM	IOS	0.9000000000000001	0.6628840565681458	0.969070553779602	0.6632456183433533	0.014313680531646274
0.8999999999999999	NMS	IOU	0.5000000000000001	0.5730007886886597	0.9112487435340881	0.5409829020500183	0.03482361821656211
0.7	NMS	IOU	0.7000000000000002	0.5743598937988281	0.8866975903511047	0.5517056584358215	0.03838667850968817
0.2	NMM	IOS	0.2	0.6069546341896057	0.9094640016555786	0.5954511761665344	0.026323250728671102
0.7999999999999999	NMS	IOS	0.2	0.5592647194862366	0.8933561444282532	0.5243909358978271	0.00947817078999724
0.30000000000000004	NMS	IOS	0.6000000000000001	0.5811064839363098	0.9330898523330688	0.5422484278678894	0.015274575976491988
0.30000000000000004	GREEDYNMM	IOU	0.5000000000000001	0.6450937390327454	0.9446101188659668	0.6424433588981628	0.0366777440219606
0.4000000000000001	NMS	IOU	0.6000000000000001	0.5802792310714722	0.9105072021484375	0.5489195585250854	0.03908697437033372
0.2	NMS	IOU	0.4000000000000001	0.5790599584579468	0.9295684099197388	0.5415996313095093	0.03402558974824682
0.4000000000000001	NMS	IOU	0.2	0.579030454158783	0.9286361932754517	0.5405073761940002	0.01416709321948017
0.2	GREEDYNMM	IOU	0.4000000000000001	0.6593616008758545	0.967673659324646	0.6557226181030273	0.03245559322636964
0.5000000000000001	NMM	IOS	0.8000000000000003	0.670103907585144	0.9827616810798645	0.6672271490097046	0.006865101800305203
0.5000000000000001	NMM	IOU	0.4000000000000001	0.6637219190597534	0.970348596572876	0.6618097424507141	0.025696012563130487
0.4000000000000001	NMS	IOU	0.5000000000000001	0.5818935036659241	0.9296776056289673	0.547364354133606	0.036578753504163994
0.6	NMM	IOS	0.6000000000000001	0.6705134510993958	0.9817429780960083	0.6669458150863647	0.005452969052853263
0.7	NMS	IOS	0.2	0.5606866478919983	0.8963329792022705	0.5254517793655396	0.011366000009266785
0.2	GREEDYNMM	IOU	0.30000000000000004	0.6645801663398743	0.9772220849990845	0.6590538024902344	0.029109182468006173
0.7999999999999999	NMM	IOU	0.8000000000000003	0.5736100673675537	0.8617411851882935	0.5589816570281982	0.04522950876710209
0.30000000000000004	NMS	IOS	0.2	0.563124418258667	0.901452898979187	0.5280389785766602	0.019313416528625938
0.30000000000000004	GREEDYNMM	IOU	0.8000000000000003	0.5758491158485413	0.8674672842025757	0.5603354573249817	0.04503781160674866
0.4000000000000001	NMM	IOS	0.6000000000000001	0.6693164110183716	0.9831631183624268	0.6652370691299438	0.009059013950866618
0.4000000000000001	NMM	IOS	0.30000000000000004	0.647230863571167	0.9587113261222839	0.6388950347900391	0.013473811614028481
0.5000000000000001	NMM	IOS	0.9000000000000001	0.6684887409210205	0.9783533215522766	0.6669144034385681	0.012066501520680449
0.5000000000000001	NMM	IOU	0.2	0.6661086678504944	0.9770397543907166	0.6620370149612427	0.012444924109888155
0.7999999999999999	GREEDYNMM	IOU	0.6000000000000001	0.6139439344406128	0.9067734479904175	0.6089333891868591	0.03912534447837655
0.30000000000000004	NMS	IOS	0.7000000000000002	0.5810357332229614	0.9329501986503601	0.5421895384788513	0.013953930215453228
0.4000000000000001	NMM	IOU	0.7000000000000002	0.5999148488044739	0.8946419954299927	0.5909677147865295	0.039751707629737135
0.8999999999999999	GREEDYNMM	IOU	0.9000000000000001	0.532658576965332	0.7980568408966064	0.521240234375	0.048100941224543704
0.6	NMM	IOU	0.7000000000000002	0.5990331172943115	0.8930131196975708	0.59007728099823	0.03772313405063214
0.6	GREEDYNMM	IOS	0.7000000000000002	0.6664929389953613	0.9746592044830322	0.6654306650161743	0.005292127046739479
0.8999999999999999	NMM	IOS	0.30000000000000004	0.641927182674408	0.9444018602371216	0.6371470093727112	0.007762610112389049
0.7999999999999999	GREEDYNMM	IOU	0.8000000000000003	0.5701158046722412	0.8561253547668457	0.555492103099823	0.04476081768339767
0.7	NMM	IOS	0.8000000000000003	0.6689932346343994	0.9789659976959229	0.6671738624572754	0.006257085900682456
0.7999999999999999	NMM	IOU	0.30000000000000004	0.6661844253540039	0.9729340076446533	0.6649647951126099	0.024383268384511606
0.7	GREEDYNMM	IOU	0.30000000000000004	0.6656124591827393	0.9715805053710938	0.6643381714820862	0.02180131744459098
0.5000000000000001	NMM	IOU	0.9000000000000001	0.5443913340568542	0.8213722109794617	0.5297626256942749	0.04846941635282966
0.30000000000000004	NMM	IOU	0.9000000000000001	0.5453348755836487	0.8232599496841431	0.5309524536132812	0.04954669576295696
0.2	GREEDYNMM	IOS	0.6000000000000001	0.6625925302505493	0.9791731834411621	0.6562488675117493	0.022428463594219458
0.5000000000000001	GREEDYNMM	IOS	0.30000000000000004	0.6457436084747314	0.9544723629951477	0.639412522315979	0.008910939107487274
0.4000000000000001	GREEDYNMM	IOU	0.7000000000000002	0.5973904728889465	0.8913508057594299	0.5876246690750122	0.03898587772231549
0.5000000000000001	GREEDYNMM	IOU	0.30000000000000004	0.6669623851776123	0.9745185375213623	0.6646491289138794	0.023008687556482152
0.6	NMM	IOS	0.4000000000000001	0.6629807949066162	0.9721826314926147	0.6596513986587524	0.0064451083667397754
0.5000000000000001	NMS	IOU	0.4000000000000001	0.5779780745506287	0.9271060824394226	0.5406913161277771	0.02796788974005071
0.8999999999999999	NMS	IOS	0.8000000000000003	0.5704538226127625	0.9113501310348511	0.5346353650093079	0.009849428228158517
0.6	NMS	IOU	0.4000000000000001	0.5777465105056763	0.9263929724693298	0.5406913161277771	0.02710060764143493
0.7999999999999999	GREEDYNMM	IOS	0.7000000000000002	0.6636108160018921	0.9680224657058716	0.6631907224655151	0.007532916997999639
0.7	NMS	IOU	0.5000000000000001	0.5792845487594604	0.9246166944503784	0.5446836352348328	0.03525644345232064
0.5000000000000001	NMM	IOU	0.30000000000000004	0.6691422462463379	0.9788633584976196	0.6667765974998474	0.021599441874793044
0.7	GREEDYNMM	IOU	0.8000000000000003	0.5723389983177185	0.8598856329917908	0.557244062423706	0.04305766541767006
0.7	GREEDYNMM	IOS	0.7000000000000002	0.6663126945495605	0.9732071161270142	0.6648070812225342	0.006115159621331353
0.30000000000000004	NMS	IOS	0.8000000000000003	0.5799647569656372	0.9316657185554504	0.541191577911377	0.014059465144736239
0.2	GREEDYNMM	IOU	0.6000000000000001	0.6211593747138977	0.9206725358963013	0.615033745765686	0.04522672455477144
0.8999999999999999	NMS	IOU	0.9000000000000001	0.534707248210907	0.8029786348342896	0.5224292874336243	0.04785075046610033
0.30000000000000004	NMM	IOU	0.7000000000000002	0.6003360748291016	0.8957602977752686	0.5914018154144287	0.0424624649394021
0.4000000000000001	GREEDYNMM	IOU	0.5000000000000001	0.6446239948272705	0.9434136152267456	0.6419655680656433	0.03501439767717448
0.8999999999999999	NMS	IOS	0.30000000000000004	0.5662251114845276	0.9029214382171631	0.5314180254936218	0.008354141468898816
0.2	NMM	IOU	0.8000000000000003	0.5779235363006592	0.8704373836517334	0.5628396272659302	0.051541717094487585
0.2	NMM	IOS	0.7000000000000002	0.6663053035736084	0.9808136224746704	0.6630943417549133	0.022495003885984466
0.30000000000000004	NMM	IOS	0.7000000000000002	0.669126570224762	0.9835380911827087	0.6662288308143616	0.012919434637838687
0.2	NMS	IOU	0.6000000000000001	0.5809707045555115	0.9122784733772278	0.5493399500846863	0.04678946323434194
0.7999999999999999	NMS	IOU	0.8000000000000003	0.5652475953102112	0.8597230911254883	0.5503572225570679	0.04541451560706319
0.7999999999999999	NMM	IOS	0.4000000000000001	0.6606295704841614	0.9669351577758789	0.6575402021408081	0.006427863283765373
0.7999999999999999	NMM	IOS	0.8000000000000003	0.6674636602401733	0.9760206341743469	0.6660410761833191	0.008283432065841098
0.7	GREEDYNMM	IOU	0.2	0.6623387336730957	0.970638632774353	0.6602164506912231	0.012924851558289416
0.7	NMM	IOS	0.4000000000000001	0.6626059412956238	0.9690945148468018	0.6587947010993958	0.006324010986777311
0.4000000000000001	NMS	IOS	0.9000000000000001	0.5805152654647827	0.9280431270599365	0.5425463318824768	0.015248853779114476
0.7	GREEDYNMM	IOS	0.30000000000000004	0.645432710647583	0.9507235884666443	0.6396830677986145	0.007428341400047459
0.30000000000000004	NMM	IOU	0.30000000000000004	0.6682980060577393	0.9797724485397339	0.6652830839157104	0.024152923755965304
0.2	GREEDYNMM	IOU	0.9000000000000001	0.5441743731498718	0.8209512233734131	0.5290181636810303	0.05171924969976649
0.2	NMS	IOS	0.4000000000000001	0.5803512334823608	0.9304820895195007	0.5423749685287476	0.02222886543466155
0.6	GREEDYNMM	IOS	0.5000000000000001	0.6612575054168701	0.9710627198219299	0.6583793759346008	0.005066178916554157
0.30000000000000004	NMM	IOU	0.4000000000000001	0.6628439426422119	0.9711868762969971	0.6599656343460083	0.02708010181671134
0.5000000000000001	NMM	IOS	0.6000000000000001	0.6696822047233582	0.9817867279052734	0.6655275225639343	0.00573599963675643
0.6	NMM	IOU	0.30000000000000004	0.6691296696662903	0.9787994623184204	0.6675118207931519	0.020655200122688594
0.8999999999999999	NMS	IOU	0.7000000000000002	0.5683341026306152	0.8740524053573608	0.5481231808662415	0.03842675435685407
0.7	GREEDYNMM	IOS	0.2	0.6132931709289551	0.9063168168067932	0.6102449893951416	0.010015950619982582
0.5000000000000001	GREEDYNMM	IOS	0.8000000000000003	0.6670512557029724	0.9763282537460327	0.6662918329238892	0.008373186926626646
0.7	GREEDYNMM	IOS	0.8000000000000003	0.6658180356025696	0.9726896286010742	0.6652859449386597	0.007090228199431885
0.4000000000000001	GREEDYNMM	IOU	0.9000000000000001	0.5428597331047058	0.8183329105377197	0.5278272032737732	0.04562079761635467
0.7999999999999999	NMM	IOU	0.9000000000000001	0.5413623452186584	0.8149552941322327	0.5273115634918213	0.048305355069886036
0.4000000000000001	NMM	IOU	0.6000000000000001	0.6215790510177612	0.9203223586082458	0.6164036989212036	0.03816520079886366
0.7999999999999999	NMS	IOU	0.5000000000000001	0.5778648853302002	0.9212521314620972	0.5437688827514648	0.037359293466993675
0.7999999999999999	NMM	IOS	0.9000000000000001	0.6650618314743042	0.9717530012130737	0.6644949913024902	0.011676923999284385
0.30000000000000004	NMS	IOU	0.8000000000000003	0.5693948268890381	0.8685108423233032	0.5541760325431824	0.04738336538731181
0.8999999999999999	NMM	IOS	0.6000000000000001	0.6623835563659668	0.9651007652282715	0.6629934906959534	0.007053912674613909
0.30000000000000004	NMM	IOS	0.8000000000000003	0.6694028377532959	0.9838749766349792	0.6666533946990967	0.012601723736028924
0.8999999999999999	NMS	IOS	0.7000000000000002	0.5714568495750427	0.9124910831451416	0.5355765223503113	0.008966211146272914
0.4000000000000001	GREEDYNMM	IOU	0.8000000000000003	0.5754330158233643	0.8663890361785889	0.5599137544631958	0.043621362366661615
0.5000000000000001	GREEDYNMM	IOS	0.5000000000000001	0.6612743139266968	0.9718649387359619	0.6574026942253113	0.006355553535692717
0.8999999999999999	NMM	IOU	0.30000000000000004	0.6608425974845886	0.962082028388977	0.661811113357544	0.020878752000162044
0.2	NMM	IOU	0.9000000000000001	0.5455801486968994	0.823830246925354	0.5309524536132812	0.05373751732118483
0.8999999999999999	NMM	IOU	0.4000000000000001	0.655182421207428	0.9539918899536133	0.6556857824325562	0.025429569604124198
0.30000000000000004	NMM	IOS	0.6000000000000001	0.6683463454246521	0.9828779101371765	0.6640244126319885	0.013194993213726722
0.5000000000000001	NMS	IOU	0.2	0.5786541700363159	0.9280365705490112	0.5399999618530273	0.013353656792236364
0.4000000000000001	GREEDYNMM	IOU	0.2	0.6646689772605896	0.9778921604156494	0.6606420874595642	0.01209371057943104
0.2	GREEDYNMM	IOS	0.22	0.6122025847434998	0.9157238006591797	0.6022149324417114	0.024215393855893656
0.30000000000000004	NMM	IOS	0.9000000000000001	0.6684688925743103	0.9796137809753418	0.6670652031898499	0.01511325913046252
0.6	NMS	IOU	0.9000000000000001	0.5417702198028564	0.8173677921295166	0.5273849964141846	0.04541712209003519
0.2	NMM	IOS	0.5000000000000001	0.6598712205886841	0.9795596599578857	0.6510577201843262	0.02174407464300663
0.7	NMS	IOU	0.2	0.5769574642181396	0.9242855310440063	0.538558840751648	0.013487753331039062
0.2	NMS	IOS	0.9000000000000001	0.5813071727752686	0.9300476312637329	0.5430444478988647	0.027443953905763943
0.6	GREEDYNMM	IOU	0.2	0.6630818843841553	0.9728323817253113	0.660802960395813	0.01302289051202584
0.5000000000000001	NMM	IOS	0.30000000000000004	0.6481015682220459	0.9573937654495239	0.6412256360054016	0.010713698179211176
0.30000000000000004	NMS	IOU	0.30000000000000004	0.5795503258705139	0.9299501180648804	0.5411653518676758	0.025198768086046163
0.2	NMM	IOS	0.8000000000000003	0.6675131916999817	0.9819852113723755	0.6649431586265564	0.021272397895865762
0.4000000000000001	NMS	IOS	0.6000000000000001	0.580577552318573	0.9317171573638916	0.5417162179946899	0.011168745047496436
0.4000000000000001	GREEDYNMM	IOS	0.30000000000000004	0.6463439464569092	0.9587612152099609	0.6382343769073486	0.01066534247766702
0.4000000000000001	GREEDYNMM	IOS	0.8000000000000003	0.6687957644462585	0.9798936247825623	0.6681042909622192	0.008643852026156914
0.7	NMS	IOS	0.30000000000000004	0.5726433992385864	0.917057454586029	0.5350149869918823	0.008216586443144104
0.7999999999999999	GREEDYNMM	IOS	0.2	0.6112126708030701	0.9043620824813843	0.6082777976989746	0.009318895214105416
0.7999999999999999	NMM	IOU	0.2	0.6626697182655334	0.9710557460784912	0.6595227122306824	0.014681444403290712
0.8999999999999999	NMS	IOU	0.4000000000000001	0.5698726773262024	0.9097211360931396	0.5354930758476257	0.02647889977134959
0.7	GREEDYNMM	IOS	0.9000000000000001	0.6613481044769287	0.9655227661132812	0.662277102470398	0.011480749082223742
0.6	NMS	IOU	0.6000000000000001	0.5793717503547668	0.9088349342346191	0.5480566024780273	0.03667085133094286
0.6	NMS	IOS	0.30000000000000004	0.57412189245224	0.9201191067695618	0.5364786386489868	0.008864640749050062
0.7999999999999999	NMS	IOU	0.9000000000000001	0.5389992594718933	0.8115818500518799	0.5249422192573547	0.047431318039885983
0.7	NMS	IOS	0.8000000000000003	0.5773015022277832	0.9259470105171204	0.538715124130249	0.008096137088141397
0.5000000000000001	NMM	IOS	0.4000000000000001	0.6622503399848938	0.9714531898498535	0.6589269638061523	0.0074040813265149295
0.7	NMM	IOS	0.9000000000000001	0.6665703654289246	0.974627673625946	0.6655997633934021	0.009628898615232518
0.6	NMM	IOS	0.2	0.6139149069786072	0.9120198488235474	0.6072152853012085	0.015356199173480784
0.6	GREEDYNMM	IOS	0.30000000000000004	0.6454780101776123	0.9537191987037659	0.6396206617355347	0.007522816874022587
0.7999999999999999	NMS	IOU	0.6000000000000001	0.576346218585968	0.9023253917694092	0.5454010367393494	0.03927054730058643
0.6	GREEDYNMM	IOU	0.5000000000000001	0.6424247622489929	0.9381828308105469	0.6404300928115845	0.03568765950145188
0.5000000000000001	GREEDYNMM	IOU	0.9000000000000001	0.5418851375579834	0.816080629825592	0.5270268321037292	0.04679882830941196
0.2	GREEDYNMM	IOU	0.8000000000000003	0.5767664313316345	0.8691698312759399	0.5611767768859863	0.04992861591502033
0.8999999999999999	NMM	IOU	0.9000000000000001	0.5370408296585083	0.8063181638717651	0.5252181887626648	0.04759573878654702
0.5000000000000001	NMM	IOU	0.5000000000000001	0.6463862061500549	0.9461934566497803	0.6438683271408081	0.03618173080840633
0.2	NMS	IOU	0.8000000000000003	0.569654107093811	0.8691142797470093	0.5541760325431824	0.05163357890642991
0.7	NMS	IOU	0.9000000000000001	0.5402463674545288	0.8144890666007996	0.5257662534713745	0.04550684638936077
0.4000000000000001	NMM	IOU	0.5000000000000001	0.6472386717796326	0.9472557902336121	0.6448377370834351	0.03535464053600337
0.7	NMS	IOU	0.8000000000000003	0.5665695071220398	0.86281418800354	0.5512248277664185	0.04342369581825806
0.4000000000000001	GREEDYNMM	IOS	0.7000000000000002	0.6676236987113953	0.9790613651275635	0.666350245475769	0.007214064504150073
0.6	NMM	IOS	0.30000000000000004	0.6489098072052002	0.9588907957077026	0.6419360637664795	0.009725773002347851
0.6	NMM	IOU	0.8000000000000003	0.5764766931533813	0.8671902418136597	0.5615733861923218	0.04315033066067404
0.7999999999999999	NMS	IOS	0.4000000000000001	0.5760191679000854	0.9208979606628418	0.5387551188468933	0.0074230454346153035
0.7999999999999999	NMM	IOU	0.7000000000000002	0.5959521532058716	0.8873673677444458	0.5873858332633972	0.03977023533971347
0.7999999999999999	NMM	IOS	0.30000000000000004	0.6457408666610718	0.9528141021728516	0.6390756368637085	0.007378665078134775
0.8999999999999999	NMS	IOS	0.5000000000000001	0.5716639757156372	0.9120466709136963	0.5358673930168152	0.0077964462975393
0.7999999999999999	GREEDYNMM	IOS	0.4000000000000001	0.6571305394172668	0.9592126607894897	0.6566748023033142	0.007595208060965164
0.7	NMM	IOU	0.6000000000000001	0.618943989276886	0.9153746366500854	0.6136506795883179	0.03676994817983717
0.4000000000000001	GREEDYNMM	IOS	0.5000000000000001	0.6618781685829163	0.9762288331985474	0.6571440696716309	0.00754966249547965
0.8999999999999999	GREEDYNMM	IOS	0.5000000000000001	0.6510143876075745	0.9477421045303345	0.6530379056930542	0.009868959400898504
0.7999999999999999	GREEDYNMM	IOU	0.30000000000000004	0.6629789471626282	0.9671496152877808	0.6622672080993652	0.023030795802107953
0.6	NMS	IOS	0.7000000000000002	0.5798064470291138	0.9301979541778564	0.5411331653594971	0.006157698107811865
0.6	GREEDYNMM	IOS	0.6000000000000001	0.6646487712860107	0.9724465012550354	0.6627857685089111	0.005852476811190893
0.7	NMM	IOU	0.9000000000000001	0.5426146388053894	0.8178762793540955	0.5281387567520142	0.046321842142840616
0.2	NMS	IOU	0.9000000000000001	0.5431994795799255	0.8204150199890137	0.5285689830780029	0.05331923115347446
0.30000000000000004	GREEDYNMM	IOU	0.9000000000000001	0.5432517528533936	0.8193477988243103	0.5282244086265564	0.04659464240168422
0.5000000000000001	NMS	IOS	0.6000000000000001	0.5801751613616943	0.9310619831085205	0.5411761999130249	0.008447760673501855
0.7999999999999999	NMS	IOS	0.5000000000000001	0.577014684677124	0.9231156706809998	0.5389625430107117	0.007052714640015199
0.6	NMM	IOU	0.4000000000000001	0.6634295582771301	0.9702380895614624	0.6612491011619568	0.02522198877996227
0.7999999999999999	NMM	IOU	0.4000000000000001	0.6603924632072449	0.9645541310310364	0.6587688326835632	0.02868876069522025
0.30000000000000004	GREEDYNMM	IOU	0.30000000000000004	0.6669791340827942	0.9777470231056213	0.6637667417526245	0.022713539663640172
0.4000000000000001	GREEDYNMM	IOU	0.30000000000000004	0.6684743165969849	0.9786542654037476	0.6655665636062622	0.02172055015645133
0.4000000000000001	NMS	IOS	0.2	0.5625795125961304	0.9000489711761475	0.5274854302406311	0.01619604490314306
0.7	NMM	IOS	0.7000000000000002	0.6694075465202332	0.9793698787689209	0.6673821210861206	0.0062988830298488
0.2	GREEDYNMM	IOS	0.5000000000000001	0.658172070980072	0.978042721748352	0.6490746736526489	0.020208091073679026
0.6	NMS	IOU	0.2	0.5784115195274353	0.9272841215133667	0.5399999618530273	0.012500114554826072
0.6	NMS	IOS	0.6000000000000001	0.5798613429069519	0.9303073287010193	0.5411761999130249	0.007059328228445511
0.6	GREEDYNMM	IOU	0.8000000000000003	0.5737912058830261	0.862321138381958	0.5585438013076782	0.04305808958699954
0.5000000000000001	GREEDYNMM	IOS	0.6000000000000001	0.6642579436302185	0.9732533097267151	0.6618736386299133	0.007678267177787697
0.5000000000000001	NMS	IOS	0.30000000000000004	0.5741210579872131	0.9201110601425171	0.5364786386489868	0.009840525906345767
0.5000000000000001	NMS	IOS	0.2	0.5621668100357056	0.8993859887123108	0.5269246101379395	0.013833113463768167
0.8999999999999999	NMS	IOS	0.2	0.5550711154937744	0.8843103647232056	0.5224049091339111	0.009264843415060257
0.30000000000000004	NMM	IOS	0.2	0.611253559589386	0.9116806983947754	0.6017613410949707	0.020352552383494146
0.6	NMS	IOS	0.4000000000000001	0.5790833830833435	0.9276774525642395	0.5412716269493103	0.006364836250436354
0.5000000000000001	NMM	IOU	0.8000000000000003	0.5767220258712769	0.8678286671638489	0.5615733861923218	0.04548762093455054
0.7	GREEDYNMM	IOS	0.4000000000000001	0.6593664288520813	0.9621262550354004	0.6584373712539673	0.0059800683615264735
0.5000000000000001	NMS	IOU	0.8000000000000003	0.568397581577301	0.8665122985839844	0.5529265403747559	0.04563708601399519
0.6	NMS	IOS	0.5000000000000001	0.5800731182098389	0.9298833012580872	0.5414724946022034	0.0053521517236189455
0.6	GREEDYNMM	IOU	0.30000000000000004	0.6665509939193726	0.973684549331665	0.6653922200202942	0.022144911233359953
0.30000000000000004	NMM	IOU	0.2	0.6656016111373901	0.9789382219314575	0.6605364680290222	0.016900581484427555
0.30000000000000004	NMS	IOU	0.2	0.5795320868492126	0.9299720525741577	0.5410065650939941	0.01745793459509524
0.5000000000000001	GREEDYNMM	IOS	0.2	0.6158068180084229	0.912142276763916	0.6118250489234924	0.012036491163337635
0.4000000000000001	GREEDYNMM	IOU	0.4000000000000001	0.6623580455780029	0.9690340757369995	0.6605247259140015	0.0255574986051455
0.2	NMM	IOU	0.2	0.6608242988586426	0.9762143492698669	0.6525458693504333	0.025069340162181736
0.7999999999999999	NMM	IOU	0.6000000000000001	0.6174972057342529	0.9128273725509644	0.6127108335494995	0.03909804257628993
0.6	GREEDYNMM	IOS	0.2	0.6144437789916992	0.9100936651229858	0.6107851266860962	0.01038358683458558
0.5000000000000001	GREEDYNMM	IOS	0.4000000000000001	0.6597559452056885	0.9666706323623657	0.6581507921218872	0.006965897698222665
0.6	NMS	IOS	0.8000000000000003	0.5787560343742371	0.9289594888687134	0.540154755115509	0.007619513832750177
0.7	NMM	IOU	0.2	0.6652438640594482	0.9739675521850586	0.6612791419029236	0.012239811994995213
0.2	GREEDYNMM	IOS	0.30000000000000004	0.6430677175521851	0.9613580703735352	0.6295594573020935	0.021632156331600087
0.8999999999999999	NMM	IOU	0.7000000000000002	0.5911843776702881	0.8778917193412781	0.584597647190094	0.03770422977416605
0.7999999999999999	NMM	IOS	0.6000000000000001	0.6673987507820129	0.9756892919540405	0.6655744314193726	0.006746901675276248
0.7	NMM	IOS	0.2	0.6128977537155151	0.9089469909667969	0.6063137054443359	0.014334465710037514
0.4000000000000001	NMS	IOU	0.9000000000000001	0.5425775051116943	0.8188398480415344	0.528180718421936	0.04655188815846967
0.6	NMS	IOU	0.5000000000000001	0.5809586644172668	0.927939772605896	0.5464789867401123	0.035803886983603324
0.2	NMM	IOU	0.30000000000000004	0.6651195883750916	0.977914571762085	0.6595354080200195	0.031074072392694056
0.8999999999999999	GREEDYNMM	IOS	0.2	0.6067925095558167	0.8941432237625122	0.6070560216903687	0.009491950538701084
0.30000000000000004	NMM	IOS	0.4000000000000001	0.6612873673439026	0.9734362363815308	0.6569778323173523	0.014852432160705434
0.2	NMS	IOS	0.7000000000000002	0.5813431143760681	0.9336808919906616	0.5421895384788513	0.02300317960063672
0.30000000000000004	NMS	IOS	0.9000000000000001	0.5810115337371826	0.929344892501831	0.5430444478988647	0.01877888753613214
0.7999999999999999	GREEDYNMM	IOS	0.30000000000000004	0.6436033844947815	0.9477862119674683	0.6384746432304382	0.009128212471855654
0.2	GREEDYNMM	IOS	0.8000000000000003	0.6676355004310608	0.9808205366134644	0.6656969785690308	0.02199482247331199
0.30000000000000004	GREEDYNMM	IOS	0.5000000000000001	0.6636478900909424	0.9799893498420715	0.6587779521942139	0.01069477496129774
0.2	NMS	IOU	0.5000000000000001	0.5826059579849243	0.9315189123153687	0.5477964878082275	0.04403543699039837
0.30000000000000004	NMM	IOS	0.5000000000000001	0.6655044555664062	0.9822679758071899	0.6612584590911865	0.013309597019980232
0.30000000000000004	NMM	IOS	0.30000000000000004	0.6462008953094482	0.9601506590843201	0.6365209221839905	0.015415559682614696
0.30000000000000004	GREEDYNMM	IOS	0.30000000000000004	0.6467016339302063	0.9625817537307739	0.6364787817001343	0.011553827031219058
0.30000000000000004	NMS	IOU	0.7000000000000002	0.5772749781608582	0.8925974369049072	0.5547189712524414	0.04308367847457671
0.7	NMM	IOS	0.5000000000000001	0.6669921278953552	0.9770714044570923	0.6638386845588684	0.005426076930281955
0.7	NMM	IOS	0.6000000000000001	0.6696651577949524	0.978669285774231	0.6661128401756287	0.006444842892101066
0.4000000000000001	NMS	IOU	0.30000000000000004	0.5790752172470093	0.9286694526672363	0.5406947135925293	0.022665664059649857
0.7	NMM	IOS	0.30000000000000004	0.6482025980949402	0.9558026790618896	0.6410568952560425	0.009024781109456818
0.5000000000000001	NMS	IOS	0.7000000000000002	0.5801178216934204	0.93094801902771	0.5411331653594971	0.007989135865306592
0.5000000000000001	GREEDYNMM	IOU	0.4000000000000001	0.6608361005783081	0.9650344848632812	0.6590995788574219	0.028010516258996462
0.2	NMM	IOU	0.5000000000000001	0.6472010016441345	0.9491292238235474	0.6443950533866882	0.04255137987985645
0.8999999999999999	GREEDYNMM	IOU	0.4000000000000001	0.6500304937362671	0.9451901912689209	0.6515461206436157	0.025152094700874237
0.8999999999999999	NMM	IOS	0.2	0.6088765859603882	0.901394784450531	0.6046321988105774	0.010858478824590024
0.30000000000000004	NMS	IOU	0.9000000000000001	0.5429554581642151	0.8198480606079102	0.5285689830780029	0.04853813196878536
0.2	NMS	IOS	0.5000000000000001	0.5815796852111816	0.9334332346916199	0.5425659418106079	0.022041456261284474
0.2	NMS	IOU	0.2	0.5798337459564209	0.9306772351264954	0.5410065650939941	0.02514595274906421
0.4000000000000001	GREEDYNMM	IOS	0.9000000000000001	0.6645157337188721	0.9725022315979004	0.6648634076118469	0.01374578923324534
0.7	NMS	IOU	0.6000000000000001	0.5777337551116943	0.9056006669998169	0.5462962985038757	0.03693073869726612
0.8999999999999999	GREEDYNMM	IOU	0.8000000000000003	0.5643578767776489	0.8449783325195312	0.5524017810821533	0.042953018363582424
0.7999999999999999	NMS	IOS	0.30000000000000004	0.5710559487342834	0.9133303761482239	0.5339599251747131	0.007952002771855149
0.4000000000000001	NMS	IOS	0.4000000000000001	0.579495370388031	0.928340494632721	0.5418270826339722	0.01081888593358533
0.7	GREEDYNMM	IOS	0.5000000000000001	0.6613281965255737	0.9680368900299072	0.6584358215332031	0.005696697070220131
0.6	NMM	IOU	0.6000000000000001	0.6206665635108948	0.9186297655105591	0.6154822707176208	0.03650582509582449
0.6	NMS	IOU	0.8000000000000003	0.5681371688842773	0.8658736944198608	0.5529265403747559	0.043328751187343015
0.4000000000000001	NMM	IOU	0.8000000000000003	0.577322244644165	0.8687596321105957	0.5624243021011353	0.04472719391915994
0.7999999999999999	GREEDYNMM	IOS	0.6000000000000001	0.6623328328132629	0.9657943248748779	0.661827027797699	0.0076295612134097725
0.2	NMM	IOS	0.30000000000000004	0.6415270566940308	0.9574692845344543	0.6284691095352173	0.02403561804291106
0.4000000000000001	GREEDYNMM	IOS	0.6000000000000001	0.6649757027626038	0.9768757820129395	0.6627637147903442	0.008927735719008126
0.7999999999999999	NMM	IOS	0.2	0.6107580661773682	0.9076971411705017	0.604228138923645	0.011944167098028485
0.5000000000000001	NMM	IOU	0.6000000000000001	0.620927095413208	0.9193055629730225	0.6154822707176208	0.03909084308669935
0.7999999999999999	GREEDYNMM	IOU	0.4000000000000001	0.6565825939178467	0.9578545689582825	0.6555267572402954	0.0277230133048865
0.4000000000000001	NMM	IOS	0.7000000000000002	0.6701622605323792	0.9838336110115051	0.6674500107765198	0.008256638889428805
0.30000000000000004	NMS	IOS	0.30000000000000004	0.5750792026519775	0.9221888780593872	0.5375868678092957	0.015537344652310447
0.30000000000000004	NMS	IOS	0.5000000000000001	0.5812676548957825	0.9326976537704468	0.5425659418106079	0.014181722476821059
0.30000000000000004	GREEDYNMM	IOS	0.6000000000000001	0.6659944653511047	0.9796963930130005	0.662834882736206	0.012126860415493244
0.7	NMS	IOS	0.9000000000000001	0.5781144499778748	0.9237790107727051	0.54011070728302	0.012968795522177737
0.4000000000000001	NMS	IOU	0.7000000000000002	0.5768612623214722	0.8914898633956909	0.5543012619018555	0.040404112478615715
0.30000000000000004	GREEDYNMM	IOU	0.6000000000000001	0.6201807260513306	0.9188529253005981	0.6141332983970642	0.03897678515436942
0.8999999999999999	GREEDYNMM	IOU	0.5000000000000001	0.6323215365409851	0.9199091196060181	0.6331785321235657	0.03433014313743493
0.8999999999999999	NMS	IOU	0.30000000000000004	0.5704097151756287	0.9102641344070435	0.5348814725875854	0.0220284511743631
0.7	GREEDYNMM	IOU	0.7000000000000002	0.5941776037216187	0.8846079111099243	0.5848373174667358	0.037982157974775964
0.7999999999999999	NMS	IOU	0.7000000000000002	0.5729979276657104	0.8834985494613647	0.5508204698562622	0.04046876018689593
0.5000000000000001	NMS	IOU	0.5000000000000001	0.5812403559684753	0.9286396503448486	0.5464789867401123	0.03764995835872922
0.8999999999999999	GREEDYNMM	IOU	0.30000000000000004	0.6558250784873962	0.9531994462013245	0.6580809950828552	0.020673083078327215
0.7	NMS	IOS	0.7000000000000002	0.5783456563949585	0.9271854162216187	0.5396853685379028	0.007207929069364157
0.8999999999999999	NMS	IOU	0.8000000000000003	0.5607085227966309	0.8505839109420776	0.5477131605148315	0.04384073550830663
0.8999999999999999	GREEDYNMM	IOU	0.7000000000000002	0.5857727527618408	0.8692187070846558	0.5793362855911255	0.03724133795717356
0.6	NMM	IOS	0.8000000000000003	0.6702930331230164	0.9820089340209961	0.6679949760437012	0.005885538948380724
0.5000000000000001	NMM	IOS	0.7000000000000002	0.6698172092437744	0.9824686050415039	0.666790246963501	0.005624565714744395
0.4000000000000001	NMM	IOU	0.30000000000000004	0.6693540215492249	0.9800786972045898	0.6665412187576294	0.021490203650551945
0.7	NMM	IOU	0.5000000000000001	0.6443460583686829	0.9421193599700928	0.6419662237167358	0.03375763711584014
0.8999999999999999	GREEDYNMM	IOS	0.8000000000000003	0.6542664766311646	0.9502144455909729	0.6576228141784668	0.010124136573711667
0.7999999999999999	NMS	IOS	0.9000000000000001	0.5765915513038635	0.9201918840408325	0.5391103029251099	0.014977143335157076
0.6	NMM	IOS	0.5000000000000001	0.6672419309616089	0.9801595211029053	0.6646918058395386	0.00548720385108226
0.8999999999999999	NMS	IOU	0.2	0.5701608061790466	0.9097914695739746	0.5345296859741211	0.011965567685863487
0.2	NMS	IOS	0.2	0.5634370446205139	0.9021834135055542	0.5280389785766602	0.026026342778989946
0.7	NMM	IOU	0.7000000000000002	0.5973570942878723	0.8898459672927856	0.5882968306541443	0.03770601910990775
0.8999999999999999	NMM	IOS	0.4000000000000001	0.6560011506080627	0.9570835828781128	0.6549867987632751	0.00652239619894935
0.5000000000000001	GREEDYNMM	IOS	0.7000000000000002	0.6662556529045105	0.975459098815918	0.6645123362541199	0.007197948509957214
0.6	GREEDYNMM	IOU	0.4000000000000001	0.6601530909538269	0.964168906211853	0.658551812171936	0.02741374772749885
0.5000000000000001	NMS	IOS	0.4000000000000001	0.5790833830833435	0.9276774525642395	0.5412716269493103	0.00731375892783156
0.5000000000000001	GREEDYNMM	IOU	0.7000000000000002	0.5963194370269775	0.8888800740242004	0.5867415070533752	0.04002265246324604
0.5000000000000001	NMM	IOS	0.2	0.6132889986038208	0.9104814529418945	0.6071321964263916	0.017087257139039476
0.2	NMS	IOU	0.30000000000000004	0.5798434615135193	0.9306412935256958	0.5411653518676758	0.03110827195012098
0.7	NMS	IOS	0.4000000000000001	0.5776057839393616	0.9246238470077515	0.5398080348968506	0.006296652819162717
0.5000000000000001	NMS	IOS	0.9000000000000001	0.5801384449005127	0.9274388551712036	0.5420376658439636	0.015301250475897346
0.8999999999999999	GREEDYNMM	IOU	0.6000000000000001	0.6077739000320435	0.8949152827262878	0.605151891708374	0.03683889527332177
0.30000000000000004	NMM	IOU	0.8000000000000003	0.5777257084846497	0.8698341846466064	0.5628396272659302	0.047254698853906846
0.7	GREEDYNMM	IOU	0.9000000000000001	0.5402867197990417	0.8127630949020386	0.5258212089538574	0.045429918021307504
0.5000000000000001	GREEDYNMM	IOU	0.5000000000000001	0.6430677175521851	0.9401412010192871	0.6404141783714294	0.03661491048288598
0.2	NMM	IOS	0.4000000000000001	0.6562522649765015	0.9707341194152832	0.6478333473205566	0.02333059120657431
0.30000000000000004	GREEDYNMM	IOS	0.7000000000000002	0.6678817272186279	0.9811214208602905	0.6656720638275146	0.010391752930367431
0.7	NMS	IOU	0.30000000000000004	0.577056884765625	0.9244265556335449	0.5388027429580688	0.02320826358123374
0.5000000000000001	NMS	IOU	0.30000000000000004	0.5787199139595032	0.9280973672866821	0.5402163863182068	0.023774565340324374
0.8999999999999999	GREEDYNMM	IOS	0.6000000000000001	0.6536381244659424	0.9491780996322632	0.656902551651001	0.010605312665729102
0.4000000000000001	NMM	IOS	0.5000000000000001	0.6657154560089111	0.9816007614135742	0.6609013676643372	0.0094360961429897
0.30000000000000004	GREEDYNMM	IOU	0.7000000000000002	0.5978260636329651	0.8924736976623535	0.5880661606788635	0.04052448011718749
0.2	NMM	IOS	0.9000000000000001	0.6666055917739868	0.9775676727294922	0.6632425785064697	0.024110149448144685
0.7999999999999999	NMS	IOS	0.7000000000000002	0.5767782926559448	0.9234864115715027	0.5386531949043274	0.0078236985255164
0.8999999999999999	NMS	IOS	0.9000000000000001	0.5713862180709839	0.9094561338424683	0.536109447479248	0.014096871525281954
0.2	NMM	IOS	0.6000000000000001	0.6634129285812378	0.9801610708236694	0.6553357839584351	0.022507658017567777
0.5000000000000001	NMM	IOS	0.5000000000000001	0.6667501926422119	0.9802069664001465	0.6632148027420044	0.005932844428018143
0.5000000000000001	GREEDYNMM	IOU	0.6000000000000001	0.6186298727989197	0.9151666164398193	0.6127675771713257	0.038649178240356276
0.8999999999999999	GREEDYNMM	IOS	0.9000000000000001	0.6496428847312927	0.9435127973556519	0.6548333764076233	0.013007421606149486
0.4000000000000001	NMM	IOS	0.9000000000000001	0.669327974319458	0.9796527624130249	0.6680924892425537	0.011621710294128743
0.7999999999999999	GREEDYNMM	IOS	0.9000000000000001	0.6582569479942322	0.9597263932228088	0.6601997017860413	0.012647373784094043
0.7999999999999999	NMM	IOU	0.5000000000000001	0.6428420543670654	0.9394737482070923	0.6409859657287598	0.035835394562688624
0.30000000000000004	GREEDYNMM	IOS	0.8000000000000003	0.6679521799087524	0.9813028573989868	0.6653317213058472	0.01119703378912072
0.7	NMM	IOU	0.30000000000000004	0.6676974892616272	0.9758116006851196	0.6660317778587341	0.0213877618565039
0.7	GREEDYNMM	IOS	0.6000000000000001	0.6645265221595764	0.9702101945877075	0.662841260433197	0.006680788931866827
0.7999999999999999	NMM	IOS	0.7000000000000002	0.667863130569458	0.976405918598175	0.6662424206733704	0.00742684441196154
0.2	NMM	IOU	0.6000000000000001	0.6222220063209534	0.9221050143241882	0.6168524026870728	0.04596585610862292
0.2	NMS	IOU	0.7000000000000002	0.5775414705276489	0.893222987651825	0.5547189712524414	0.047685530118032914
0.4000000000000001	GREEDYNMM	IOS	0.4000000000000001	0.6605532169342041	0.9709652662277222	0.6570004224777222	0.008116317830573528
0.8999999999999999	NMS	IOS	0.6000000000000001	0.571475088596344	0.9125237464904785	0.5355914831161499	0.008540532055097772
0.4000000000000001	NMM	IOS	0.2	0.6123034358024597	0.9102708697319031	0.6047865152359009	0.019443313801571317
0.7999999999999999	GREEDYNMM	IOU	0.7000000000000002	0.5917690992355347	0.8807242512702942	0.5830217599868774	0.0394687731189552
0.6	NMS	IOS	0.9000000000000001	0.579837441444397	0.9267120361328125	0.5420376658439636	0.013119112510485705
0.4000000000000001	NMM	IOU	0.2	0.6658754944801331	0.9783288240432739	0.6609581708908081	0.013788397211312682
0.30000000000000004	GREEDYNMM	IOS	0.2	0.6157331466674805	0.9164170026779175	0.6082420945167542	0.015013267447199859
0.2	GREEDYNMM	IOU	0.7000000000000002	0.5987763404846191	0.8942319750785828	0.5889414548873901	0.0457603692116106
0.8999999999999999	NMM	IOS	0.8000000000000003	0.6623284816741943	0.9647656679153442	0.6628012657165527	0.007551561925814808
0.4000000000000001	NMM	IOU	0.9000000000000001	0.5449554324150085	0.8222470283508301	0.5305622816085815	0.04757598139661853
0.8999999999999999	NMM	IOS	0.7000000000000002	0.6626482009887695	0.9650955200195312	0.6629906892776489	0.007479591765789051
0.4000000000000001	NMM	IOS	0.8000000000000003	0.6706534028053284	0.9841127395629883	0.6678745746612549	0.00913766043451252
0.7	NMS	IOS	0.6000000000000001	0.5783914923667908	0.9272760152816772	0.5397193431854248	0.008055317731002425
0.8999999999999999	GREEDYNMM	IOS	0.30000000000000004	0.6360238790512085	0.934045135974884	0.6335898637771606	0.010154336254201896
0.7	NMS	IOS	0.5000000000000001	0.5785977840423584	0.9268344640731812	0.5400111675262451	0.006050912402247975
0.4000000000000001	NMS	IOS	0.5000000000000001	0.5807292461395264	0.9313082695007324	0.5420229434967041	0.009935914666847314
0.8999999999999999	GREEDYNMM	IOS	0.4000000000000001	0.6486790180206299	0.9433090686798096	0.6511198282241821	0.009294360308556964
0.4000000000000001	NMS	IOU	0.8000000000000003	0.5689942836761475	0.8674384355545044	0.5537661910057068	0.044877449509938945
0.6	NMS	IOU	0.7000000000000002	0.5759709477424622	0.8898583650588989	0.5534445643424988	0.038390968912983714
0.7999999999999999	NMS	IOU	0.2	0.5754147171974182	0.9206397533416748	0.5375529527664185	0.015826632035074905
0.7999999999999999	NMS	IOS	0.8000000000000003	0.5757452845573425	0.9222779273986816	0.5376918315887451	0.009499586625730033
0.5000000000000001	NMM	IOU	0.7000000000000002	0.5992866158485413	0.8936718702316284	0.59007728099823	0.04021079051812376
0.8999999999999999	GREEDYNMM	IOS	0.7000000000000002	0.6543177366256714	0.9498965740203857	0.6576303839683533	0.010605312665729102
0.30000000000000004	NMS	IOU	0.6000000000000001	0.5806997418403625	0.9116371870040894	0.5493399500846863	0.04162429494222283
0.4000000000000001	GREEDYNMM	IOU	0.6000000000000001	0.6197320818901062	0.9177103042602539	0.6136765480041504	0.037873340906734
0.7999999999999999	NMM	IOS	0.5000000000000001	0.664717972278595	0.9740779995918274	0.6615753173828125	0.006551558205562856
0.2	GREEDYNMM	IOU	0.2	0.6608075499534607	0.9772852659225464	0.6534845232963562	0.02242081358798994
0.4000000000000001	NMM	IOS	0.4000000000000001	0.661569356918335	0.9727702736854553	0.6566154360771179	0.011178338598172041
0.4000000000000001	GREEDYNMM	IOS	0.2	0.6157224178314209	0.9133869409561157	0.6106483936309814	0.01376639969739002
0.7999999999999999	GREEDYNMM	IOS	0.5000000000000001	0.6602428555488586	0.965096652507782	0.6586066484451294	0.006883254402397558
0.4000000000000001	NMS	IOS	0.8000000000000003	0.57945317029953	0.9303298592567444	0.5406781435012817	0.010648683346479202
0.30000000000000004	NMM	IOU	0.6000000000000001	0.622012197971344	0.9214599132537842	0.6168524026870728	0.040723221509351586
0.2	NMS	IOS	0.30000000000000004	0.5753922462463379	0.9229265451431274	0.5375868678092957	0.023728483096243983
0.5000000000000001	NMS	IOU	0.6000000000000001	0.579645574092865	0.9095066785812378	0.5480566024780273	0.039246543702733415
0.7	GREEDYNMM	IOU	0.4000000000000001	0.6592463850975037	0.9621301293373108	0.6575379371643066	0.027146587180644062
0.6	GREEDYNMM	IOU	0.7000000000000002	0.595685601234436	0.8871294856071472	0.5861930251121521	0.03837722615058749
0.6	GREEDYNMM	IOS	0.4000000000000001	0.6594096422195435	0.9651479125022888	0.6583805084228516	0.006004414357073285
0.5000000000000001	NMS	IOU	0.7000000000000002	0.576239824295044	0.8905173540115356	0.5534445643424988	0.04086309213342516
0.7	NMM	IOU	0.8000000000000003	0.5748576521873474	0.8641289472579956	0.5598580241203308	0.04324272526458209
0.2	GREEDYNMM	IOS	0.4000000000000001	0.6571688652038574	0.972773551940918	0.648810863494873	0.02028217346086342
0.6	NMM	IOU	0.9000000000000001	0.5441451072692871	0.8207685351371765	0.5297626256942749	0.04649243907616383
0.8999999999999999	NMM	IOU	0.2	0.6575100421905518	0.9599306583404541	0.6569839715957642	0.01050629325408462
0.30000000000000004	GREEDYNMM	IOS	0.4000000000000001	0.6616567969322205	0.9740136861801147	0.6579729318618774	0.010931028252493667
0.8999999999999999	NMM	IOS	0.9000000000000001	0.6597611904144287	0.9606920480728149	0.6612995266914368	0.010506282794414254
0.7999999999999999	NMS	IOS	0.6000000000000001	0.5768129229545593	0.9235532283782959	0.5386775732040405	0.007792567048064626
0.6	NMS	IOU	0.30000000000000004	0.5784841179847717	0.9273765087127686	0.5402163863182068	0.022472011132287237
0.8999999999999999	NMM	IOU	0.6000000000000001	0.6125905513763428	0.9030748605728149	0.6098418235778809	0.036832561458165644
0.2	GREEDYNMM	IOU	0.5000000000000001	0.6456133127212524	0.9464964866638184	0.6424680948257446	0.04242428126136091
0.2	NMS	IOS	0.6000000000000001	0.5814165472984314	0.9338269233703613	0.5422484278678894	0.024668750124895077
0.7999999999999999	NMS	IOU	0.30000000000000004	0.5755516886711121	0.920862078666687	0.5378295183181763	0.02565822272433252
0.7999999999999999	GREEDYNMM	IOU	0.9000000000000001	0.5381211042404175	0.8085745573043823	0.5241683721542358	0.04719046842515451
0.6	NMS	IOS	0.2	0.5621668100357056	0.8993859887123108	0.5269246101379395	0.0121062865071509
0.2	NMM	IOU	0.7000000000000002	0.6005392074584961	0.8963775038719177	0.5914018154144287	0.04708283561820362
0.7999999999999999	GREEDYNMM	IOU	0.5000000000000001	0.6386486887931824	0.9321047067642212	0.6370351910591125	0.036640895407102525
